[gd_scene load_steps=5 format=3 uid="uid://c441flqlh5vq"]

[ext_resource type="Script" path="res://addons/road-generator/nodes/road_manager.gd" id="1_cvs4e"]
[ext_resource type="Script" path="res://addons/road-generator/nodes/road_container.gd" id="2_w6w7e"]
[ext_resource type="Material" uid="uid://cjkode7ldnjl3" path="res://addons/road-generator/resources/road_texture.material" id="3_vb28r"]
[ext_resource type="Script" path="res://addons/road-generator/nodes/road_point.gd" id="4_ijg13"]

[node name="RoadManager" type="Node3D"]
script = ExtResource("1_cvs4e")

[node name="Road_001" type="Node3D" parent="."]
transform = Transform3D(0.278119, 0, 0.960547, 0, 1, 0, -0.960547, 0, 0.278119, -0.456264, -75, -4.79827)
script = ExtResource("2_w6w7e")
material_resource = ExtResource("3_vb28r")
density = 2.0
use_lowpoly_preview = true
generate_ai_lanes = true
edge_containers = Array[NodePath]([NodePath(""), NodePath("")])
edge_rp_targets = Array[NodePath]([NodePath(""), NodePath("")])
edge_rp_target_dirs = Array[int]([-1, -1])
edge_rp_locals = Array[NodePath]([NodePath("RP_001"), NodePath("RP_002")])
edge_rp_local_dirs = Array[int]([0, 1])

[node name="RP_001" type="Node3D" parent="Road_001"]
transform = Transform3D(-0.960385, 0, -0.278676, 0, 1, 0, 0.278676, 0, -0.960385, -384.066, 10.2358, -1308.3)
script = ExtResource("4_ijg13")
traffic_dir = Array[int]([2, 2, 1, 1])
lanes = Array[int]([2, 4, 4, 2])
prior_pt_init = NodePath("../RP_002")
next_mag = 1363.56

[node name="RP_002" type="Node3D" parent="Road_001"]
transform = Transform3D(-0.960385, 2.55936e-05, -0.278676, 0, 1, 9.18402e-05, 0.278676, 8.8202e-05, -0.960385, 98.854, 10.4858, 353.897)
script = ExtResource("4_ijg13")
traffic_dir = Array[int]([2, 2, 1, 1])
lanes = Array[int]([2, 4, 4, 2])
next_pt_init = NodePath("../RP_001")
prior_mag = 1363.56
next_mag = 1363.56
