[gd_scene load_steps=6 format=3 uid="uid://bx5a88vwpb4aq"]

[ext_resource type="Script" path="res://addons/road-generator/nodes/road_manager.gd" id="1_6r2mb"]
[ext_resource type="Script" path="res://addons/road-generator/nodes/road_container.gd" id="2_4t4vt"]
[ext_resource type="Material" path="res://addons/road-generator/resources/road_texture.material" id="3_j4ru0"]
[ext_resource type="Script" path="res://addons/road-generator/nodes/road_point.gd" id="4_uk3gn"]
[ext_resource type="PackedScene" uid="uid://c2kqwsup24kcx" path="res://car.tscn" id="5_1ppq0"]

[node name="Node3D" type="Node3D"]

[node name="RoadManager" type="Node3D" parent="."]
script = ExtResource("1_6r2mb")

[node name="Road_001" type="Node3D" parent="RoadManager"]
transform = Transform3D(0.278119, 0, 0.960547, 0, 1, 0, -0.960547, 0, 0.278119, -0.456264, -75, -4.79827)
script = ExtResource("2_4t4vt")
material_resource = ExtResource("3_j4ru0")
use_lowpoly_preview = true
edge_containers = Array[NodePath]([NodePath(""), NodePath("")])
edge_rp_targets = Array[NodePath]([NodePath(""), NodePath("")])
edge_rp_target_dirs = Array[int]([-1, -1])
edge_rp_locals = Array[NodePath]([NodePath("RP_001"), NodePath("RP_002")])
edge_rp_local_dirs = Array[int]([0, 1])

[node name="RP_001" type="Node3D" parent="RoadManager/Road_001"]
transform = Transform3D(-0.960385, 0, -0.278676, 0, 1, 0, 0.278676, 0, -0.960385, -384.066, 10.2358, -1308.3)
script = ExtResource("4_uk3gn")
traffic_dir = Array[int]([2, 2, 1, 1])
lanes = Array[int]([2, 4, 4, 2])
prior_pt_init = NodePath("../RP_002")
next_mag = 1363.56

[node name="RP_002" type="Node3D" parent="RoadManager/Road_001"]
transform = Transform3D(-0.960385, 2.55936e-05, -0.278676, 0, 1, 9.18402e-05, 0.278676, 8.8202e-05, -0.960385, 375.915, 10.4858, 1310.79)
script = ExtResource("4_uk3gn")
traffic_dir = Array[int]([2, 2, 1, 1])
lanes = Array[int]([2, 4, 4, 2])
next_pt_init = NodePath("../RP_001")
prior_mag = 1363.56
next_mag = 1363.56

[node name="car" parent="." instance=ExtResource("5_1ppq0")]
transform = Transform3D(-0.961194, 0, 0.275872, 0, 1, 0, -0.275872, 0, -0.961194, 1.58211, -64.8157, 2.54346)
